Learned blockiness weights (how much each block adds to the guessed movecount) from 500k dr scrambles, 90/10 train-test split.

pair_a: -0.1788383973465325
pair_b: -0.17747690719481923
goodL: 0.035517399193233275
badL: -0.01603269173109096
lines: 0.05333147921972953
Bias: 13.578229629629629

Mean actual error: 0.8570 



